#10		13		16		19		22		25		28		31		34		37		40		43		46		49		52		55		58		61		64		67		70		73		76		79		82		85		88		91		94		97		100		103		106		109		112		115		118		121		124		127		130		133		136		139		142		145		148		151		154		157		160		163		166		169		172		175		178		181		184		187		190		193		196		199		202		205		208		211		214		217		220		223
0		0		29111	0		0		0		0		0		81996	52885	173167	168407	107435	56186	155223	46348	0		0		0		172018	0		185897	0		0		0		0		0		0		0		0		0		0		0		133996	0		0		51669	0		0		0		0		0		0		0		0		0		0		0		0		0		0		0		0		0		0		0		0		0		0		0		0		0		0		0		0		0		0		0		0		0		0		0
0		0		0		0		51363	256816	462269	256816	0		51363	0		254169	47996	0		118072	129636	0		69289	202528	77142	0		125227	43976	0		0		81648	0		0		0		0		0		0		0		0		0		0		0		0		0		0		0		0		0		0		0		0		0		0		0		0		0		0		0		0		0		0		0		0		0		0		0		0		0		0		0		0		0		0		0		0		0		0
0		0		78263	0		0		0		40740	62175	243858	0		181948	36511	42992	99169	0		40740	0		0		0		0		62787	40740	0		69653	130472	0		0		0		0		49466	0		37571	0		0		0		0		0		0		0		0		0		0		0		0		0		0		0		0		0		0		0		0		0		0		0		0		0		0		0		0		0		0		0		0		0		0		0		0		0		0		0		0
0		0		0		0		0		21773	126253	68231	0		106279	272388	122004	188925	0		123548	117699	159574	81930	65650	0		74129	0		101353	61993	34976	20300	0		20300	0		0		0		0		0		0		0		0		0		0		0		0		0		0		0		0		0		0		0		0		0		0		0		0		0		0		0		0		0		0		0		0		0		0		0		0		0		0		0		0		0		0		0		0
0		0		0		0		0		0		51603	123809	217828	100112	488112	209380	284018	217028	161069	86808	112121	275081	138491	0		0		0		0		66842	0		0		46447	0		0		0		0		0		0		0		0		0		0		0		0		0		0		0		0		0		0		0		0		0		0		0		0		0		0		0		0		0		0		0		0		0		0		0		0		0		0		0		0		0		0		0		0		0
0		0		0		81152	105900	35300	37209	54995	117279	256745	300986	304250	267827	155918	444607	0		274362	41769	244096	25115	0		43447	0		0		0		0		0		0		0		0		0		0		0		0		0		0		0		0		0		0		0		0		0		0		0		0		0		0		0		0		0		0		0		0		0		0		0		0		0		0		0		0		0		0		0		0		0		0		0		0		0		0
0		0		0		70233	0		0		0		154578	126359	282907	111288	302986	543859	252893	403897	319307	457559	70233	57237	24255	112250	298504	98051	51603	56509	0		0		0		0		117451	0		0		0		0		0		0		0		0		0		0		0		0		0		0		0		0		0		0		0		0		0		0		0		0		0		0		0		0		0		0		0		0		0		0		0		0		0		0		0		0		0		0
0		0		0		0		282543	256850	0		0		179959	833587	1202281	391871	510854	432839	438313	164402	148062	199237	21773	68313	76999	29268	0		82211	22699	82211	0		0		0		0		102193	0		0		0		0		0		78753	0		0		0		0		0		0		0		0		0		0		0		0		0		0		0		0		0		0		0		0		0		0		0		0		0		0		0		0		0		0		0		0		0		0		0
0		0		0		0		0		0		0		128536	255112	123556	241752	387404	404445	39410	220335	251100	83849	49979	31303	68859	146173	39410	14990	0		158557	129436	267742	140382	90483	0		0		0		0		0		0		0		0		58840	0		0		0		0		0		0		0		0		0		0		0		0		0		0		0		0		0		0		0		0		0		0		0		0		0		0		0		0		0		0		0		0		0		0
0		0		0		0		0		0		0		0		0		21723	244077	318997	211423	208234	259750	140273	794335	539125	259208	198239	250047	360914	168351	0		154809	51603	39343	104116	90947	0		0		0		0		0		0		0		0		0		0		33437	0		0		0		0		0		0		0		0		0		0		0		0		0		0		0		0		0		0		0		0		0		0		0		0		0		0		0		0		0		0		0		0
0		0		0		0		0		0		280478	592873	82045	111982	152822	332239	0		313649	286861	723349	247293	392424	189590	344528	86033	86033	194563	159483	24867	0		0		82204	24834	0		39873	0		0		0		0		45237	0		0		0		0		0		0		0		0		0		0		0		0		0		0		0		0		0		0		0		0		0		0		0		0		0		0		0		0		0		0		0		0		0		0		0		0
0		0		0		0		0		0		0		24357	40577	0		64841	233685	350523	126719	191756	73677	225183	251517	197843	178068	264989	113723	40569	133193	0		0		0		0		0		64226	0		0		0		0		28961	69940	0		0		40577	0		0		0		0		0		0		0		0		0		0		0		92502	0		0		0		0		0		0		0		0		0		0		0		0		0		0		0		0		0		0		0		0		0
0		0		59345	0		54340	0		0		0		93724	0		93413	0		66296	81048	24695	384281	72708	0		79650	0		153919	221955	54340	139311	163636	24695	24695	106846	0		0		95313	74848	0		54340	47385	0		0		0		0		0		0		0		0		32270	0		32270	0		0		0		0		0		0		0		0		0		0		0		0		0		0		0		0		0		0		0		0		0		0		0		0		0		0
0		0		0		0		0		0		0		0		49390	134033	0		12838	0		0		74770	28494	117949	67016	59517	134287	0		0		59517	56989	74770	77242	0		17428	0		0		0		0		0		0		0		31538	32270	0		0		0		0		0		0		0		67016	0		0		0		0		0		0		0		0		0		0		0		0		0		0		0		0		0		0		0		0		0		0		0		0		0		0		0
0		0		0		0		0		0		0		48112	49390	0		0		151348	0		144753	141404	107876	80123	0		0		0		86466	220290	80123	92495	44743	22372	38958	0		129711	0		0		0		66692	0		0		0		22372	0		0		0		0		0		0		0		74848	0		0		0		0		0		0		0		0		0		0		0		0		0		0		0		0		0		0		0		0		0		0		0		0		0		0		0
0		0		0		0		315403	105134	0		32286	74742	25874	76479	36778	0		0		41799	66077	24278	83597	36917	88313	0		203415	62573	0		62573	0		0		0		24278	0		0		0		0		62765	0		0		0		0		0		0		0		0		0		0		0		0		0		0		0		0		0		0		0		0		0		0		0		0		0		0		0		0		0		0		0		0		0		0		0		0		0		0
0		0		13488	0		55739	93319	177008	79708	28494	89360	265310	205901	129378	28494	167997	45057	47773	0		0		13488	0		0		23530	0		0		20098	0		71136	0		38434	0		60162	0		0		0		0		0		0		0		0		0		0		0		0		0		0		0		0		0		0		0		0		0		0		0		0		0		0		0		0		0		0		0		0		0		0		0		0		0		0		0		0
0		0		0		0		0		0		0		0		150495	63630	82521	334470	275196	48041	44489	183487	86745	0		67916	28064	114458	0		0		0		42873	77779	0		0		0		0		0		0		0		0		0		0		0		0		0		0		0		0		0		0		0		0		0		0		0		0		0		0		0		0		0		0		0		0		0		0		0		0		0		0		0		0		0		0		0		0		0		0
0		0		0		38421	0		0		0		308328	321039	243077	368886	172179	304314	207124	213407	163231	81060	0		54129	36187	45036	0		14618	0		19152	29674	0		0		0		0		0		51071	0		0		0		0		0		0		0		0		0		0		0		0		0		0		0		0		0		0		0		0		0		0		0		0		0		0		0		41134	0		0		0		0		0		0		0		0		0		0		0		0
0		0		0		0		0		54729	139719	161928	119655	87529	219497	229049	85070	127271	78695	148988	25242	235899	120070	12457	136956	31471	90758	52158	45930	70517	0		0		25242	45930	45930	0		0		0		0		0		0		0		0		0		0		0		0		0		0		0		0		0		0		0		0		0		0		0		0		0		0		0		0		0		0		0		0		0		0		0		0		0		0		0		0		0
0		0		48319	0		0		0		28119	42124	84247	197976	314991	135016	81083	157931	168442	0		63721	91279	0		50848	95030	16828	68097	35802	0		59213	0		0		0		0		0		0		0		0		0		0		0		0		0		0		0		0		0		0		0		0		0		0		0		0		0		0		0		0		0		0		0		0		0		0		0		0		0		0		0		0		0		0		0		0		0		0
70180	0		70180	0		0		0		86107	51657	0		143790	320033	164972	331272	121409	400694	239976	0		579951	37159	78504	204576	49870	0		0		74318	37159	23445	0		0		0		0		0		0		0		0		0		0		0		0		0		0		0		0		0		0		0		0		0		0		0		0		0		0		0		0		0		0		0		0		0		0		0		0		0		0		0		0		0		0		0		0		0
0		0		0		0		0		0		30715	62669	61429	0		152844	53291	0		252820	92820	256267	328253	166066	281087	178374	89868	141730	67045	0		0		44461	61770	0		60457	0		0		0		0		0		0		0		0		0		0		0		0		0		0		0		0		0		0		0		0		0		0		0		62457	0		0		0		0		0		0		0		0		0		0		0		0		0		0		0		0		0		0		0
0		0		0		0		0		0		0		0		70970	0		74109	14618	43112	74109	182056	0		69292	61911	87042	50513	141959	163515	45826	73623	14618	0		90238	0		38459	0		0		0		0		0		0		0		0		0		0		0		0		0		0		0		0		0		0		16726	0		0		0		0		0		0		0		0		0		0		0		0		0		0		0		0		0		0		0		0		0		0		0		0
0		0		0		62810	27234	95019	36577	0		89724	89186	36577	0		169364	68167	67954	207215	21930	174690	107616	0		41337	62373	21930	96309	41337	25817	0		31168	0		34750	0		0		0		0		0		0		26520	0		0		0		0		0		0		0		0		0		0		0		0		0		0		0		0		0		0		0		0		0		0		0		0		0		0		0		0		0		0		0		0		0		0		0
0		0		0		0		0		0		10116	0		131889	259129	82771	101270	110789	142069	114231	95275	99811	0		51226	48514	0		34812	0		25817	0		36703	0		0		21002	34812	0		0		0		0		0		0		0		0		0		0		0		0		0		34812	0		0		0		0		0		0		0		0		0		0		0		0		0		0		0		0		0		0		0		0		0		0		0		0		0		0		0		0
0		0		0		0		0		0		0		78276	70403	59986	23308	96906	159360	230601	266664	39010	91911	66949	23308	0		26982	50982	42498	0		103616	97876	34861	47225	0		0		0		0		0		0		0		0		0		0		0		0		0		0		0		0		0		0		0		0		0		0		0		0		0		0		0		0		0		0		0		0		0		0		0		0		0		0		0		0		0		0		0		0
0		0		47095	0		0		0		0		101128	182655	61056	0		136576	158784	88454	6228	23551	67492	47095	37218	23887	47095	40388	0		92334	34024	67492	37218	34024	0		34024	0		0		0		41337	0		0		0		0		0		0		0		0		0		0		0		0		0		0		0		0		0		0		0		0		0		0		0		0		0		0		0		0		0		0		0		0		0		0		0		0		0		0
0		0		12732	12732	29299	0		82263	211363	63867	47335	88970	135569	13167	79985	50418	13167	21002	21284	0		29416	29416	29416	103602	0		57624	93748	12732	0		81168	36703	0		0		48253	0		0		0		0		0		0		0		0		0		0		0		0		0		0		0		0		0		0		0		0		0		0		0		0		0		0		0		0		0		0		0		0		0		0		0		0		0		0		0
0		0		0		0		0		36541	16232	48514	112470	44546	0		105323	192944	138816	36541	75536	107819	47568	46654	0		155583	0		0		31778	48514	55328	0		0		0		0		0		0		0		0		0		0		0		22957	0		0		0		0		0		0		0		0		0		0		0		0		0		0		0		0		0		0		0		0		0		0		0		0		0		0		0		0		0		0		0		0		0		0
0		0		0		0		23278	27493	26602	49047	35210	144490	23278	26602	0		74130	29781	30626	92889	49752	65836	93692	42808	0		0		26602	64828	0		27109	0		38708	0		0		0		0		23278	0		0		0		0		0		0		0		0		0		0		0		0		0		0		0		0		0		0		0		0		0		0		0		0		0		0		0		0		0		0		0		0		0		0		0		0		0		0
0		0		0		41301	0		40199	96944	126966	70246	193315	308354	130303	126952	130055	53599	50915	220208	94004	0		107562	53599	40199	75488	151196	36844	0		0		20733	0		38969	0		0		0		0		0		0		0		0		0		0		0		0		0		0		0		0		0		0		0		0		0		0		0		0		0		0		0		0		0		0		0		0		0		0		0		0		0		0		0		0		0		0
0		0		0		0		0		0		0		0		0		52074	17757	105791	0		61936	83677	34812	31988	6938	34812	83809	135683	110475	83679	34812	66861	65824	48868	25415	41848	27321	0		0		0		0		0		0		0		0		0		42808	0		0		0		0		0		41744	25415	0		0		0		0		0		0		0		0		0		0		0		0		0		0		0		0		0		0		0		0		0		0		0		0		0
0		0		0		0		0		0		0		15701	183840	71650	106822	82233	129002	46636	0		134049	94610	45454	50797	0		40788	43895	97139	0		26461	0		15701	31219	0		20880	0		0		0		27234	0		0		0		0		0		0		0		0		0		0		0		0		0		0		0		0		0		0		0		0		0		0		0		0		0		0		0		0		0		0		0		0		0		0		0		0		0		0
0		0		44886	0		0		0		63429	120082	157580	177487	58302	219881	72469	200083	87377	65420	101669	93724	0		65420	70922	59874	0		121360	22912	147577	81644	0		0		0		0		0		51194	0		0		0		0		0		0		0		0		0		0		0		0		0		0		0		0		0		0		0		0		0		0		0		0		0		0		0		0		0		0		0		0		0		0		0		0		0		0		0
0		0		0		28590	0		25730	90815	232342	109434	410763	187123	376619	201405	232231	190601	72554	128422	138627	28035	0		105062	0		32300	54577	0		0		9576	39769	72069	0		0		0		43799	0		0		0		0		0		0		0		21595	0		0		28035	0		0		0		0		0		0		43799	0		0		0		0		0		0		0		0		0		0		0		0		0		0		0		0		0		0		0		0		0
0		0		0		73153	0		25910	0		81153	55243	160923	177974	233533	85843	202270	246333	184023	11228	100677	169918	63535	187920	67448	102238	85106	11228	75928	0		71289	37230	0		49510	0		49510	0		0		0		0		0		0		0		0		0		0		50887	0		0		0		45951	0		0		0		0		0		0		0		0		0		0		0		0		0		0		0		0		0		0		0		0		0		0		0		0
0		0		18502	9251	0		0		9251	33473	91399	44249	103841	72597	104167	200781	111780	119917	84298	203371	14618	21673	206393	134916	80710	53353	43466	0		29308	0		0		0		56946	46311	18318	14618	0		0		0		0		0		0		0		0		0		0		0		0		0		0		0		0		14124	0		0		0		0		0		0		0		0		0		0		0		0		0		0		0		0		0		0		0		0		0
0		0		0		0		0		0		6938	168826	155653	0		69641	109651	49097	104787	43504	97250	109965	69585	129632	167169	26090	91968	37975	12732	52720	49454	31312	50485	0		6938	0		14618	48758	0		0		0		0		0		0		0		0		0		0		0		0		0		0		0		0		0		0		0		0		0		0		0		0		0		0		0		0		0		0		0		0		0		0		0		0		0		0		0
0		0		12796	21982	0		0		10819	6822	39808	88959	81430	188298	92514	82429	111511	62568	40140	25415	20846	82366	14618	84346	46317	47148	76902	143086	59383	0		20880	0		23007	0		0		0		0		11292	0		0		0		0		0		0		0		0		0		0		0		0		0		0		0		0		0		0		0		0		0		13869	0		0		0		0		0		0		0		0		0		0		0		0		0		0
0		0		0		75664	0		32376	33409	57896	301542	317721	201257	91811	119431	163579	95434	238910	202402	109196	76048	109725	43105	126906	128402	34426	18318	64322	0		0		0		18318	51438	51910	21673	0		6610	14554	23007	0		6822	0		0		0		0		0		0		0		0		0		0		0		0		0		0		0		0		0		0		0		0		0		0		0		0		0		0		0		0		0		0		0		0		0
0		0		15859	60582	57910	12732	74284	131493	189558	217663	540142	397141	403807	271901	103841	96038	106754	72266	70479	21143	40771	79756	93686	51020	64570	8531	0		21390	0		42362	23869	0		0		15338	12732	17181	0		0		0		0		0		0		0		0		0		0		0		0		0		0		0		0		0		0		0		0		0		0		0		0		0		0		0		0		0		0		0		0		0		0		0		0
0		11228	0		0		67751	42286	43447	48913	127697	117929	140003	92670	236375	254068	131727	119869	205109	138863	88432	61257	106596	107293	63223	6938	80644	11292	80852	0		0		17982	15701	0		0		0		14124	0		51071	0		0		0		0		0		14124	0		0		0		0		0		0		0		0		0		0		0		0		0		0		0		0		0		0		0		0		0		0		0		0		0		0		0		0		0
0		0		0		6938	27753	6938	45238	50534	146451	82265	179855	51134	21143	100475	109498	88075	217926	134399	41576	75769	91532	50280	79936	97465	0		49300	61272	15701	61289	63457	0		0		0		78824	21673	0		0		0		0		0		14554	0		0		0		0		0		0		0		0		0		0		0		0		0		0		0		0		0		0		0		0		0		0		0		0		0		0		0		0		0		0		0
