# Number of parameters = 88  Objective function value = 360.940  Maximum gradient component = 2.98698e-005
# F_full:
 0.00000 0.00000 0.00000 0.00000 0.00000 0.00000 0.00000 0.00000 0.00000 0.00000 0.00000 0.00000 0.00000 0.00000 0.00000 0.00000 0.00000 0.00000 0.267447 0.201267 0.538697 0.475957 0.361067 0.199749 0.105007 0.169391 0.263841 0.206113 0.287380 0.167955 0.338794 0.217783 0.229440 0.301625 0.387416 0.179944 0.133542 0.131958 0.103161 0.168029
# start_Z:
0.200000000000
# year1:
 50000.0000500 50000.0000500 50000.0000500 50000.0000500 50000.0000500 50000.0000500 50000.0000500 50000.0000500 50000.0000500 50000.0000500 50000.0000500 50000.0000500 50000.0000500 50000.0000500 50000.0000500 50000.0000500 50000.0000500 50000.0000500 50000.0000500 50000.0000500
# age1:
 114.063829293 85.6362844698 244.788392714 285.310502913 199.742771437 363.246960234 127.157712030 80.6825967925 60.9657617420 36.2455259972 17.4492590232 24.7484342357 28.9998346687 65.2124140398 115.143915074 169.134862799 191.549234652 370.316238001 392.487850997 241.004964125 167.082663835 105.009432497 97.1635223503 104.694042439 131.361443555 180.150995194 177.869033066 150.984626664 138.400320163 144.539580557 198.900021324 187.860055160 252.059849937 342.585627299 376.096777687 347.093540409 378.940166730 290.153785044 34.2676002149 262.316210360
# M_const:
0.100000000000
# C_Sfullold:
4.77666422737
# C_log_varLold:
1.53936935660
# C_log_varRold:
15.0000000000
# RV_Sfullold:
2.00000003380
# RV_log_varLold:
4.74740342825
# RV_log_varRold:
15.0000000000
# RVspring_Sfull:
5.70046637203
# RVspring_log_varL:
2.63544130516
# RVspring_log_varR:
15.0000000000
# RV_log_qold:
0.0688063226452
# RVspring_log_q:
0.848533981780
