## DIMENSIONS ##
#syr
1970
#eyr
2009 
#2013
#nage
20
#Nsexes
2
#nlbin
72
#minbin
10
#stepbin
3

## SURVEY data ##
# RVindex (from dfo summer RV survey, stratified population estimate i.e. bumped up total # of fish)
570338  656448  473490  717477 1035505 1099395 1738476 2058716 1332556 1579889 1935772 1310923  992965  298176  837620  546803  837141  795747 1053145 1393596  885331 1409156 1083878  742468  621321  583135  612808  680245  585948  533925  456951  857917  630738  611891 1046515 1263759 1171608 1971499 1698678 1533788 2941047 3378174 2529659 2124512
# RVcatlen (number at length from dfo summer RV survey, stratified population estimate i.e. bumped up)
#10		13		16		19		22		25		28		31		34		37		40		43		46		49		52		55		58		61		64		67		70		73		76		79		82		85		88		91		94		97		100		103		106		109		112		115		118		121		124		127		130		133		136		139		142		145		148		151		154		157		160		163		166		169		172		175		178		181		184		187		190		193		196		199		202		205		208		211		214		217		220		223
0		0		29111	0		0		0		0		0		81996	52885	173167	168407	107435	56186	155223	46348	0		0		0		172018	0		185897	0		0		0		0		0		0		0		0		0		0		0		133996	0		0		51669	0		0		0		0		0		0		0		0		0		0		0		0		0		0		0		0		0		0		0		0		0		0		0		0		0		0		0		0		0		0		0		0		0		0		0
0		0		0		0		51363	256816	462269	256816	0		51363	0		254169	47996	0		118072	129636	0		69289	202528	77142	0		125227	43976	0		0		81648	0		0		0		0		0		0		0		0		0		0		0		0		0		0		0		0		0		0		0		0		0		0		0		0		0		0		0		0		0		0		0		0		0		0		0		0		0		0		0		0		0		0		0		0		0		0
0		0		78263	0		0		0		40740	62175	243858	0		181948	36511	42992	99169	0		40740	0		0		0		0		62787	40740	0		69653	130472	0		0		0		0		49466	0		37571	0		0		0		0		0		0		0		0		0		0		0		0		0		0		0		0		0		0		0		0		0		0		0		0		0		0		0		0		0		0		0		0		0		0		0		0		0		0		0		0
0		0		0		0		0		21773	126253	68231	0		106279	272388	122004	188925	0		123548	117699	159574	81930	65650	0		74129	0		101353	61993	34976	20300	0		20300	0		0		0		0		0		0		0		0		0		0		0		0		0		0		0		0		0		0		0		0		0		0		0		0		0		0		0		0		0		0		0		0		0		0		0		0		0		0		0		0		0		0		0		0
0		0		0		0		0		0		51603	123809	217828	100112	488112	209380	284018	217028	161069	86808	112121	275081	138491	0		0		0		0		66842	0		0		46447	0		0		0		0		0		0		0		0		0		0		0		0		0		0		0		0		0		0		0		0		0		0		0		0		0		0		0		0		0		0		0		0		0		0		0		0		0		0		0		0		0		0		0		0		0
0		0		0		81152	105900	35300	37209	54995	117279	256745	300986	304250	267827	155918	444607	0		274362	41769	244096	25115	0		43447	0		0		0		0		0		0		0		0		0		0		0		0		0		0		0		0		0		0		0		0		0		0		0		0		0		0		0		0		0		0		0		0		0		0		0		0		0		0		0		0		0		0		0		0		0		0		0		0		0		0
0		0		0		70233	0		0		0		154578	126359	282907	111288	302986	543859	252893	403897	319307	457559	70233	57237	24255	112250	298504	98051	51603	56509	0		0		0		0		117451	0		0		0		0		0		0		0		0		0		0		0		0		0		0		0		0		0		0		0		0		0		0		0		0		0		0		0		0		0		0		0		0		0		0		0		0		0		0		0		0		0		0
0		0		0		0		282543	256850	0		0		179959	833587	1202281	391871	510854	432839	438313	164402	148062	199237	21773	68313	76999	29268	0		82211	22699	82211	0		0		0		0		102193	0		0		0		0		0		78753	0		0		0		0		0		0		0		0		0		0		0		0		0		0		0		0		0		0		0		0		0		0		0		0		0		0		0		0		0		0		0		0		0		0		0
0		0		0		0		0		0		0		128536	255112	123556	241752	387404	404445	39410	220335	251100	83849	49979	31303	68859	146173	39410	14990	0		158557	129436	267742	140382	90483	0		0		0		0		0		0		0		0		58840	0		0		0		0		0		0		0		0		0		0		0		0		0		0		0		0		0		0		0		0		0		0		0		0		0		0		0		0		0		0		0		0		0		0
0		0		0		0		0		0		0		0		0		21723	244077	318997	211423	208234	259750	140273	794335	539125	259208	198239	250047	360914	168351	0		154809	51603	39343	104116	90947	0		0		0		0		0		0		0		0		0		0		33437	0		0		0		0		0		0		0		0		0		0		0		0		0		0		0		0		0		0		0		0		0		0		0		0		0		0		0		0		0		0		0		0
0		0		0		0		0		0		280478	592873	82045	111982	152822	332239	0		313649	286861	723349	247293	392424	189590	344528	86033	86033	194563	159483	24867	0		0		82204	24834	0		39873	0		0		0		0		45237	0		0		0		0		0		0		0		0		0		0		0		0		0		0		0		0		0		0		0		0		0		0		0		0		0		0		0		0		0		0		0		0		0		0		0		0
0		0		0		0		0		0		0		24357	40577	0		64841	233685	350523	126719	191756	73677	225183	251517	197843	178068	264989	113723	40569	133193	0		0		0		0		0		64226	0		0		0		0		28961	69940	0		0		40577	0		0		0		0		0		0		0		0		0		0		0		92502	0		0		0		0		0		0		0		0		0		0		0		0		0		0		0		0		0		0		0		0		0
0		0		59345	0		54340	0		0		0		93724	0		93413	0		66296	81048	24695	384281	72708	0		79650	0		153919	221955	54340	139311	163636	24695	24695	106846	0		0		95313	74848	0		54340	47385	0		0		0		0		0		0		0		0		32270	0		32270	0		0		0		0		0		0		0		0		0		0		0		0		0		0		0		0		0		0		0		0		0		0		0		0		0		0
0		0		0		0		0		0		0		0		49390	134033	0		12838	0		0		74770	28494	117949	67016	59517	134287	0		0		59517	56989	74770	77242	0		17428	0		0		0		0		0		0		0		31538	32270	0		0		0		0		0		0		0		67016	0		0		0		0		0		0		0		0		0		0		0		0		0		0		0		0		0		0		0		0		0		0		0		0		0		0		0
0		0		0		0		0		0		0		48112	49390	0		0		151348	0		144753	141404	107876	80123	0		0		0		86466	220290	80123	92495	44743	22372	38958	0		129711	0		0		0		66692	0		0		0		22372	0		0		0		0		0		0		0		74848	0		0		0		0		0		0		0		0		0		0		0		0		0		0		0		0		0		0		0		0		0		0		0		0		0		0		0
0		0		0		0		315403	105134	0		32286	74742	25874	76479	36778	0		0		41799	66077	24278	83597	36917	88313	0		203415	62573	0		62573	0		0		0		24278	0		0		0		0		62765	0		0		0		0		0		0		0		0		0		0		0		0		0		0		0		0		0		0		0		0		0		0		0		0		0		0		0		0		0		0		0		0		0		0		0		0		0		0
0		0		13488	0		55739	93319	177008	79708	28494	89360	265310	205901	129378	28494	167997	45057	47773	0		0		13488	0		0		23530	0		0		20098	0		71136	0		38434	0		60162	0		0		0		0		0		0		0		0		0		0		0		0		0		0		0		0		0		0		0		0		0		0		0		0		0		0		0		0		0		0		0		0		0		0		0		0		0		0		0		0
0		0		0		0		0		0		0		0		150495	63630	82521	334470	275196	48041	44489	183487	86745	0		67916	28064	114458	0		0		0		42873	77779	0		0		0		0		0		0		0		0		0		0		0		0		0		0		0		0		0		0		0		0		0		0		0		0		0		0		0		0		0		0		0		0		0		0		0		0		0		0		0		0		0		0		0		0		0		0
0		0		0		38421	0		0		0		308328	321039	243077	368886	172179	304314	207124	213407	163231	81060	0		54129	36187	45036	0		14618	0		19152	29674	0		0		0		0		0		51071	0		0		0		0		0		0		0		0		0		0		0		0		0		0		0		0		0		0		0		0		0		0		0		0		0		0		0		41134	0		0		0		0		0		0		0		0		0		0		0		0
0		0		0		0		0		54729	139719	161928	119655	87529	219497	229049	85070	127271	78695	148988	25242	235899	120070	12457	136956	31471	90758	52158	45930	70517	0		0		25242	45930	45930	0		0		0		0		0		0		0		0		0		0		0		0		0		0		0		0		0		0		0		0		0		0		0		0		0		0		0		0		0		0		0		0		0		0		0		0		0		0		0		0		0
0		0		48319	0		0		0		28119	42124	84247	197976	314991	135016	81083	157931	168442	0		63721	91279	0		50848	95030	16828	68097	35802	0		59213	0		0		0		0		0		0		0		0		0		0		0		0		0		0		0		0		0		0		0		0		0		0		0		0		0		0		0		0		0		0		0		0		0		0		0		0		0		0		0		0		0		0		0		0		0		0
70180	0		70180	0		0		0		86107	51657	0		143790	320033	164972	331272	121409	400694	239976	0		579951	37159	78504	204576	49870	0		0		74318	37159	23445	0		0		0		0		0		0		0		0		0		0		0		0		0		0		0		0		0		0		0		0		0		0		0		0		0		0		0		0		0		0		0		0		0		0		0		0		0		0		0		0		0		0		0		0		0
0		0		0		0		0		0		30715	62669	61429	0		152844	53291	0		252820	92820	256267	328253	166066	281087	178374	89868	141730	67045	0		0		44461	61770	0		60457	0		0		0		0		0		0		0		0		0		0		0		0		0		0		0		0		0		0		0		0		0		0		0		62457	0		0		0		0		0		0		0		0		0		0		0		0		0		0		0		0		0		0		0
0		0		0		0		0		0		0		0		70970	0		74109	14618	43112	74109	182056	0		69292	61911	87042	50513	141959	163515	45826	73623	14618	0		90238	0		38459	0		0		0		0		0		0		0		0		0		0		0		0		0		0		0		0		0		0		16726	0		0		0		0		0		0		0		0		0		0		0		0		0		0		0		0		0		0		0		0		0		0		0		0
0		0		0		62810	27234	95019	36577	0		89724	89186	36577	0		169364	68167	67954	207215	21930	174690	107616	0		41337	62373	21930	96309	41337	25817	0		31168	0		34750	0		0		0		0		0		0		26520	0		0		0		0		0		0		0		0		0		0		0		0		0		0		0		0		0		0		0		0		0		0		0		0		0		0		0		0		0		0		0		0		0		0		0
0		0		0		0		0		0		10116	0		131889	259129	82771	101270	110789	142069	114231	95275	99811	0		51226	48514	0		34812	0		25817	0		36703	0		0		21002	34812	0		0		0		0		0		0		0		0		0		0		0		0		0		34812	0		0		0		0		0		0		0		0		0		0		0		0		0		0		0		0		0		0		0		0		0		0		0		0		0		0		0		0
0		0		0		0		0		0		0		78276	70403	59986	23308	96906	159360	230601	266664	39010	91911	66949	23308	0		26982	50982	42498	0		103616	97876	34861	47225	0		0		0		0		0		0		0		0		0		0		0		0		0		0		0		0		0		0		0		0		0		0		0		0		0		0		0		0		0		0		0		0		0		0		0		0		0		0		0		0		0		0		0		0
0		0		47095	0		0		0		0		101128	182655	61056	0		136576	158784	88454	6228	23551	67492	47095	37218	23887	47095	40388	0		92334	34024	67492	37218	34024	0		34024	0		0		0		41337	0		0		0		0		0		0		0		0		0		0		0		0		0		0		0		0		0		0		0		0		0		0		0		0		0		0		0		0		0		0		0		0		0		0		0		0		0		0
0		0		12732	12732	29299	0		82263	211363	63867	47335	88970	135569	13167	79985	50418	13167	21002	21284	0		29416	29416	29416	103602	0		57624	93748	12732	0		81168	36703	0		0		48253	0		0		0		0		0		0		0		0		0		0		0		0		0		0		0		0		0		0		0		0		0		0		0		0		0		0		0		0		0		0		0		0		0		0		0		0		0		0		0
0		0		0		0		0		36541	16232	48514	112470	44546	0		105323	192944	138816	36541	75536	107819	47568	46654	0		155583	0		0		31778	48514	55328	0		0		0		0		0		0		0		0		0		0		0		22957	0		0		0		0		0		0		0		0		0		0		0		0		0		0		0		0		0		0		0		0		0		0		0		0		0		0		0		0		0		0		0		0		0		0
0		0		0		0		23278	27493	26602	49047	35210	144490	23278	26602	0		74130	29781	30626	92889	49752	65836	93692	42808	0		0		26602	64828	0		27109	0		38708	0		0		0		0		23278	0		0		0		0		0		0		0		0		0		0		0		0		0		0		0		0		0		0		0		0		0		0		0		0		0		0		0		0		0		0		0		0		0		0		0		0		0		0
0		0		0		41301	0		40199	96944	126966	70246	193315	308354	130303	126952	130055	53599	50915	220208	94004	0		107562	53599	40199	75488	151196	36844	0		0		20733	0		38969	0		0		0		0		0		0		0		0		0		0		0		0		0		0		0		0		0		0		0		0		0		0		0		0		0		0		0		0		0		0		0		0		0		0		0		0		0		0		0		0		0		0
0		0		0		0		0		0		0		0		0		52074	17757	105791	0		61936	83677	34812	31988	6938	34812	83809	135683	110475	83679	34812	66861	65824	48868	25415	41848	27321	0		0		0		0		0		0		0		0		0		42808	0		0		0		0		0		41744	25415	0		0		0		0		0		0		0		0		0		0		0		0		0		0		0		0		0		0		0		0		0		0		0		0		0
0		0		0		0		0		0		0		15701	183840	71650	106822	82233	129002	46636	0		134049	94610	45454	50797	0		40788	43895	97139	0		26461	0		15701	31219	0		20880	0		0		0		27234	0		0		0		0		0		0		0		0		0		0		0		0		0		0		0		0		0		0		0		0		0		0		0		0		0		0		0		0		0		0		0		0		0		0		0		0		0		0
0		0		44886	0		0		0		63429	120082	157580	177487	58302	219881	72469	200083	87377	65420	101669	93724	0		65420	70922	59874	0		121360	22912	147577	81644	0		0		0		0		0		51194	0		0		0		0		0		0		0		0		0		0		0		0		0		0		0		0		0		0		0		0		0		0		0		0		0		0		0		0		0		0		0		0		0		0		0		0		0		0		0
0		0		0		28590	0		25730	90815	232342	109434	410763	187123	376619	201405	232231	190601	72554	128422	138627	28035	0		105062	0		32300	54577	0		0		9576	39769	72069	0		0		0		43799	0		0		0		0		0		0		0		21595	0		0		28035	0		0		0		0		0		0		43799	0		0		0		0		0		0		0		0		0		0		0		0		0		0		0		0		0		0		0		0		0
0		0		0		73153	0		25910	0		81153	55243	160923	177974	233533	85843	202270	246333	184023	11228	100677	169918	63535	187920	67448	102238	85106	11228	75928	0		71289	37230	0		49510	0		49510	0		0		0		0		0		0		0		0		0		0		50887	0		0		0		45951	0		0		0		0		0		0		0		0		0		0		0		0		0		0		0		0		0		0		0		0		0		0		0		0
0		0		18502	9251	0		0		9251	33473	91399	44249	103841	72597	104167	200781	111780	119917	84298	203371	14618	21673	206393	134916	80710	53353	43466	0		29308	0		0		0		56946	46311	18318	14618	0		0		0		0		0		0		0		0		0		0		0		0		0		0		0		0		14124	0		0		0		0		0		0		0		0		0		0		0		0		0		0		0		0		0		0		0		0		0
0		0		0		0		0		0		6938	168826	155653	0		69641	109651	49097	104787	43504	97250	109965	69585	129632	167169	26090	91968	37975	12732	52720	49454	31312	50485	0		6938	0		14618	48758	0		0		0		0		0		0		0		0		0		0		0		0		0		0		0		0		0		0		0		0		0		0		0		0		0		0		0		0		0		0		0		0		0		0		0		0		0		0		0
0		0		12796	21982	0		0		10819	6822	39808	88959	81430	188298	92514	82429	111511	62568	40140	25415	20846	82366	14618	84346	46317	47148	76902	143086	59383	0		20880	0		23007	0		0		0		0		11292	0		0		0		0		0		0		0		0		0		0		0		0		0		0		0		0		0		0		0		0		0		13869	0		0		0		0		0		0		0		0		0		0		0		0		0		0
#0		0		0		75664	0		32376	33409	57896	301542	317721	201257	91811	119431	163579	95434	238910	202402	109196	76048	109725	43105	126906	128402	34426	18318	64322	0		0		0		18318	51438	51910	21673	0		6610	14554	23007	0		6822	0		0		0		0		0		0		0		0		0		0		0		0		0		0		0		0		0		0		0		0		0		0		0		0		0		0		0		0		0		0		0		0		0
#0		0		15859	60582	57910	12732	74284	131493	189558	217663	540142	397141	403807	271901	103841	96038	106754	72266	70479	21143	40771	79756	93686	51020	64570	8531	0		21390	0		42362	23869	0		0		15338	12732	17181	0		0		0		0		0		0		0		0		0		0		0		0		0		0		0		0		0		0		0		0		0		0		0		0		0		0		0		0		0		0		0		0		0		0		0		0
#0		11228	0		0		67751	42286	43447	48913	127697	117929	140003	92670	236375	254068	131727	119869	205109	138863	88432	61257	106596	107293	63223	6938	80644	11292	80852	0		0		17982	15701	0		0		0		14124	0		51071	0		0		0		0		0		14124	0		0		0		0		0		0		0		0		0		0		0		0		0		0		0		0		0		0		0		0		0		0		0		0		0		0		0		0		0
#0		0		0		6938	27753	6938	45238	50534	146451	82265	179855	51134	21143	100475	109498	88075	217926	134399	41576	75769	91532	50280	79936	97465	0		49300	61272	15701	61289	63457	0		0		0		78824	21673	0		0		0		0		0		14554	0		0		0		0		0		0		0		0		0		0		0		0		0		0		0		0		0		0		0		0		0		0		0		0		0		0		0		0		0		0		0
# Halibut Survey
# HSsyr
1998
# HSindex (glm results rescaled.  * 28701  approx same mean as expaned RV catch)
826191	826191	1153071	738355	715305	597341	701659	792296	945437	1018450	1065747	2145448
# HScatlenF
#10	13	16	19	22	25	28	31	34	37	40	43	46	49	52	55	58	61	64	67	70	73	76	79	82	85	88	91	94	97	100	103	106	109	112	115	118	121	124	127	130	133	136	139	142	145	148	151	154	157	160	163	166	169	172	175	178	181	184	187	190	193	196	199	202	205	208	211	214	217	220	223
0	0	0	0	0	0	0	0	0	0	0	0	0	0	0	0	1	0	1	0	0	2	5	5	17	21	33	20	12	16	11	26	13	24	17	12	18	14	14	17	13	19	3	6	4	3	14	1	0	8	1	1	0	2	3	1	0	2	2	3	0	1	0	0	0	0	1	0	0	0	0	0
0	0	0	0	0	0	0	0	0	0	0	0	0	0	0	0	0	0	0	0	0	0	0	10	16	22	23	16	11	20	16	18	15	22	15	14	18	20	21	18	17	9	7	6	6	7	8	1	5	1	0	1	0	1	1	0	0	0	0	0	0	0	0	3	0	0	0	0	0	1	0	0
0	0	0	0	0	0	0	0	0	0	0	0	0	0	0	0	0	0	0	0	0	0	1	5	13	14	14	20	18	20	12	10	8	16	16	20	16	5	7	11	10	12	13	9	8	9	6	6	4	2	2	2	0	1	0	1	0	2	0	1	0	1	0	1	0	1	1	0	0	0	0	0
0	0	0	0	0	0	0	0	0	0	0	0	0	0	0	0	0	0	0	0	0	0	0	12	29	41	22	16	22	19	16	14	6	9	7	6	14	10	8	9	10	7	4	9	9	7	8	3	4	5	0	2	1	2	1	0	0	0	1	0	0	1	0	0	0	0	0	0	0	0	0	0
0	0	0	0	0	0	0	0	0	0	0	0	0	0	0	0	0	0	0	0	0	0	0	10	14	15	25	20	16	17	7	8	12	5	6	8	12	5	10	12	4	7	3	8	8	5	6	5	1	1	2	2	1	0	2	0	0	1	0	1	0	0	0	0	0	0	0	0	0	0	0	0
0	0	0	0	0	0	0	0	0	0	1	0	0	0	0	0	0	0	0	0	0	0	0	12	12	17	26	16	13	18	9	5	12	11	8	14	13	10	13	11	6	8	3	8	7	4	3	4	7	3	4	2	3	1	2	0	0	0	0	0	0	0	0	0	0	0	0	0	0	0	0	0
0	0	0	0	0	0	0	0	0	0	0	0	0	0	0	0	0	0	0	0	0	0	0	4	8	11	14	12	19	22	17	18	9	12	10	22	13	10	7	11	9	12	10	12	16	4	3	8	10	5	4	4	5	1	2	1	2	0	1	0	0	0	0	0	0	0	0	0	0	0	0	0
0	0	0	0	0	0	0	0	0	0	0	0	0	0	0	0	0	0	0	0	0	0	0	10	11	17	13	15	13	10	15	14	14	18	11	17	14	11	9	6	8	7	7	6	7	8	2	5	0	4	4	5	0	2	0	1	1	0	0	0	0	1	0	0	0	0	0	0	0	0	0	0
0	0	0	0	0	0	0	0	0	0	0	0	0	0	0	0	0	0	0	0	0	0	0	8	17	9	4	7	3	4	4	5	3	4	2	3	5	2	0	3	1	2	2	2	1	2	1	2	1	0	1	1	0	1	1	0	0	0	0	0	1	0	0	0	0	0	0	0	0	0	0	0
0	0	0	0	0	0	0	0	0	0	0	0	0	0	0	0	0	0	0	0	0	0	0	9	13	13	13	15	20	12	12	7	11	10	7	5	8	9	10	8	6	3	3	4	4	1	1	3	0	4	1	1	1	0	1	1	0	0	1	0	1	0	0	0	0	0	0	0	0	0	0	0
0	0	0	0	0	0	0	0	0	0	0	0	0	0	0	0	0	0	0	0	0	0	0	18	28	26	30	22	11	23	14	12	13	7	7	4	8	6	8	7	2	9	6	4	4	4	4	1	3	1	1	3	2	0	2	1	0	1	1	0	0	2	0	0	0	0	0	0	0	0	0	0
0	0	0	0	0	0	0	0	0	0	0	0	0	0	0	0	0	0	0	0	0	0	0	41	54	50	58	47	45	49	26	35	20	22	17	20	13	7	13	14	10	11	10	11	10	9	3	9	6	4	2	3	1	1	2	1	0	1	1	0	0	0	0	0	0	0	1	1	0	0	0	0
#0	0	0	0	0	0	0	0	0	0	0	0	0	0	0	0	0	0	0	0	0	0	0	12	40	33	41	45	35	37	23	14	29	19	24	18	19	13	11	5	12	6	4	5	3	2	5	4	2	0	0	3	2	1	0	0	1	1	0	1	0	0	0	0	0	0	0	0	0	0	0	0
# HScatlenM
0	0	0	0	0	0	0	0	0	0	0	0	0	0	0	0	0	0	0	0	0	0	0	50	82	97	69	85	31	39	4	8	6	2	3	2	3	4	1	0	3	1	0	1	1	0	0	0	0	0	0	0	0	0	0	0	0	0	0	1	0	0	0	0	0	0	0	0	0	0	0	0
0	0	0	0	0	0	0	0	0	0	1	2	0	0	0	0	0	0	0	0	0	0	0	47	66	50	71	51	44	49	28	16	8	5	3	3	1	1	2	3	1	1	1	1	0	0	0	0	1	0	0	0	0	0	0	0	0	0	0	0	0	0	0	0	0	0	0	0	0	0	0	0
0	0	0	0	0	0	0	0	0	0	0	0	0	0	0	0	0	0	0	0	0	0	0	22	27	42	29	47	28	44	22	19	13	9	6	2	3	4	4	2	3	0	0	0	0	0	0	0	0	0	1	0	0	0	0	0	0	0	0	0	0	0	0	0	0	0	0	0	0	0	0	0
0	0	0	0	0	0	0	0	0	0	0	0	0	0	0	0	0	0	0	0	0	0	0	37	48	39	40	28	16	26	19	11	14	9	7	4	6	1	5	2	2	0	0	2	0	0	0	0	0	0	0	0	0	0	0	0	0	0	0	0	0	0	0	0	0	0	0	0	0	0	0	0
0	0	0	0	0	0	0	0	0	0	0	0	0	0	0	0	0	0	0	0	0	0	0	20	41	49	25	36	25	25	11	9	9	8	7	8	2	6	3	1	3	1	0	0	0	0	0	1	0	0	0	0	0	1	0	0	0	0	0	0	0	0	0	0	0	0	0	0	0	0	0	0
0	0	0	0	0	0	0	0	0	0	0	0	0	0	0	0	0	0	0	0	0	0	0	25	35	33	28	15	23	15	14	8	4	3	4	5	1	3	2	1	7	0	1	1	1	0	1	0	1	0	0	0	0	0	0	0	0	0	0	0	0	0	0	0	0	0	0	0	0	0	0	0
0	0	0	0	0	0	0	0	0	0	0	0	0	0	0	0	0	0	0	0	0	0	0	7	13	34	26	32	22	15	17	14	10	10	3	8	8	5	3	1	2	3	1	3	0	0	0	0	0	0	0	0	0	0	0	0	0	0	0	0	0	0	0	0	0	0	0	0	0	0	0	0
0	0	0	0	0	0	0	0	0	0	0	0	0	0	0	0	0	0	0	0	0	1	0	22	34	39	25	32	18	15	11	15	5	10	9	3	3	2	3	0	2	2	1	0	0	0	0	0	0	0	0	0	0	1	0	0	0	0	0	0	0	0	0	0	0	0	0	0	0	0	0	0
0	0	0	0	0	0	0	0	0	0	0	0	0	0	0	0	0	0	0	0	0	0	0	7	15	16	7	8	14	11	12	4	7	0	4	2	0	0	0	0	0	0	0	0	0	0	0	1	0	0	0	0	0	0	0	0	0	0	0	0	0	0	0	0	0	0	0	0	0	0	0	0
0	0	0	0	0	0	0	0	0	0	0	0	0	0	0	0	0	0	0	0	0	0	0	7	17	24	17	23	24	21	15	10	9	6	3	8	3	4	3	1	0	1	0	1	0	1	0	1	0	0	0	0	0	0	0	0	0	0	0	0	0	0	0	0	0	0	0	0	0	0	0	0
0	0	0	0	0	0	0	0	0	0	0	0	0	0	0	0	0	0	0	0	0	0	0	17	16	32	28	33	25	22	14	5	10	11	10	4	4	4	2	2	1	4	1	1	1	1	0	1	0	0	0	0	0	0	0	0	0	0	0	0	0	0	0	0	0	0	0	0	0	0	0	0
0	0	0	0	0	0	0	0	0	0	0	0	0	0	0	0	0	0	0	0	0	0	0	63	93	88	62	69	45	57	26	20	18	21	12	12	7	7	7	3	1	2	1	1	0	1	0	0	0	0	0	0	0	0	0	0	0	0	0	0	0	0	0	0	0	0	0	0	0	0	0	0
#0	0	0	0	0	0	1	0	0	0	0	1	1	0	0	0	0	0	0	0	0	0	0	23	51	47	28	35	25	19	9	14	12	9	4	2	1	4	4	2	1	1	0	0	0	0	0	0	0	0	0	0	0	0	0	0	0	0	0	0	0	0	0	0	0	0	0	0	0	0	0	0

## FISHERY data ##
# Landings for Longline Females (LLctF),Longline males (LLctM),Otter trawl (OTct) 
# LLctF
600  661  573  598  482  460  435  382  504  586  723  749  960 1117 1564 1727 1529 1065 1801 1402 1110  823 1195  416  207  435  650  559  829  376  509  659  596  924  758  632  566 1262  916 1499
# LLctM
330  364  315  330  265  253  239  210  278  322  398  412  528  616  862  951  842  587  749 764 752 458 526 347 152 298 480 391 527 250 236 362 388 503 441 318 312 239 334 613
# OTct
808  725  561  429  463  462  481  805  789  893  800  676  960  748  983 1858 1293 1234  555  291  821 1396  366  187  180  155  177  195  112  194  263  212  290  488  328  168 130  220  152  198 
# LLsyr (start year for catlen)
1988
# LLcatlenF
#10	13	16	19	22	25	28	31	34	37	40	43	46	49	52	55	58	61	64	67	70	73	76	79	82	85	88	91	94	97	100	103	106	109	112	115	118	121	124	127	130	133	136	139	142	145	148	151	154	157	160	163	166	169	172	175	178	181	184	187	190	193	196	199	202	205	208	211	214	217	220	223	226	229	232	235
0	0	0	0	0	0	0	0	0	0	0	0	0	0	0	0	0	0	709.9	0	0	0	617.3	286.5	285.5	1242.4	263.3	1216.3	669.4	573.9	1130.4	1064.8	1118.4	860.5	907	1714.5	1486.3	2621.6	1505.6	2042.8	3064.3	1766	2776.8	1786.6	1249.3	1266.3	1814.6	292	775.4	1196	2106.4	482.9	192.9	490.9	221.8	96.5	96.5	116.7	358.8	502.5	385.8	96.5	192.9	192.9	96.5	0	314.4	192.9	96.5	0	0	0	0	0	0	0
0	0	0	0	0	0	0	0	0	0	0	0	0	0	0	0	0	0	0	211.2	0	0	0	370.1	231.9	1190.9	1971.4	624.3	1551	680.3	891.5	1503.4	870	956	897.6	1566.4	1276.2	1224.7	746.3	1143.8	1750.7	1855.1	2061.7	1554.9	2090.8	1220.9	582.8	458.4	297.2	410	534.4	394.7	501.4	417.7	611.2	362.4	361.7	435.4	364.7	82.2	0	76.8	0	281.8	80.6	0	153.6	76.8	0	76.8	0	0	0	76.8	0	0
0	0	0	0	0	0	0	0	0	0	0	0	0	0	0	0	0	0	0	4.1	61	126.1	358.2	520.7	2047.7	2337.3	2318.1	2034	2074.2	1773.1	1065.1	1838.9	1280.1	1254.3	1586.5	1098.6	1520.3	1012.8	574.4	960.2	1619.3	929.9	1004.5	1458.9	1915.5	811.9	864	795.1	323.2	200.3	310.3	370.1	275.6	96.6	74.6	42.7	125.5	93.3	275.2	51.4	41.8	0	83.6	0	0	132.1	42.2	0	0	0	0	0	0	0	0	0
0	0	0	0	0	0	0	0	0	0	0	0	0	0	0	0	0	3	8.2	11.3	74.3	99.7	204.4	576.7	1408.2	1803.2	2503.5	2253.1	1753.8	1601	2084.1	1479.7	1363.6	1131.6	633	795.2	785.4	653	273.7	887.4	613.7	636.1	738.6	531.9	464.5	840.5	502.3	720.6	555.4	369.8	399.3	67.2	279.5	358.9	207.8	220	183.1	40.2	0	40.2	0	0	0	0	0	0	0	0	0	0	0	0	0	0	0	0
0.3	0	0	0	0	0	0	0	0	0	0	1.5	0	0	1.9	1.9	17.2	19.7	22.2	16	39.7	255.2	966.7	790.7	1698.5	2333.2	2056.7	1886.3	1918.8	2398.1	1492	1555.2	1073	477.7	605	847	849.9	874.6	292.9	410.9	831.6	677.1	597.6	909.2	921	577.2	888.9	667.3	843.1	616.4	761.5	424.6	519.3	253.8	315.5	210.4	359.4	514.1	213.3	355.9	194	176.9	71.3	259.2	0	0	0	27.9	111	0	0	0	0	0	0	0
0	0	0	0	0	0	0	0	0	0	0	0	0	0	0	0	3.4	7.8	13.4	15.6	80.6	66	175.5	387.2	919.1	1426.2	1785.2	2014.3	2260.4	1415.9	1392.1	1309.6	923.8	776.5	390	433.9	310.8	46.4	122.1	213.6	168.3	100.6	185.2	71.5	252.9	117	186.3	69.9	136.8	107.4	39	171.7	53.8	0	128.4	78	91.3	0.5	37.8	79.6	114.9	107.6	0	0	0	53.8	0	0	0	0	0	0	0	0	0	0
0	0	0	0	0	0	0	0	0	0	0	0	0	0	0	2.7	0	3.2	0	4.2	5.2	30.6	67.6	162.3	528.9	819.1	807.8	639.9	902.9	862.4	729.9	556	496.2	353.9	315.1	293.2	195.4	224.5	237	105	119.6	219.3	25.3	26.5	69.4	27.6	28.1	58.7	103.5	31	0	93.9	30	29.5	30.6	46.2	15.5	14.5	0	15.6	64.8	0	0	0	0	0	0	31.3	0	0	0	0	0	0	0	0
0	0	0	0	0	0	0	0	0	0	0	0	0	1.3	1.5	1.7	3.9	3.8	7.2	11.2	61.9	78.7	228	558.8	1408.2	1544.3	2092.5	1681.4	2587	2183.9	1703.5	1435.9	1175.2	1165.7	698.3	704.2	879.4	449.5	379.5	335.7	147.1	246.9	121	144.5	61.4	117.4	21	15.6	0	14.5	71.3	20.7	44.7	26.3	15.1	0	26.8	30.7	0	0	30.8	0	0	15.5	26.2	0	15.5	0	36.5	0	21	15.6	0	0	0	0
0	0	0	14.8	15.9	0	0	0	0	0	0	0	0	46.4	1.3	3.9	7.9	30.3	23.5	78.5	108.8	215.2	712.6	1489.6	2624.6	3067.7	2824.4	2636.6	2601.7	2366.7	2245.7	2068	1310	1490.4	1267.9	1307.4	1256.9	851.1	721.4	519.4	461.3	303.8	275.4	238.4	160.2	140.8	165.3	82.5	115	43.6	173.2	82.7	52.5	10.4	0	76.5	58.7	25.9	31.6	0	0	10.7	0	0	0	0	0	14.3	0	0	0	0	0	0	0	0
0	0	0	0	0	0	0	0	0	0	0	0	0	0	0	0	0	0.6	5.8	3.8	16.5	58.5	124.9	445.9	1177.5	1595.8	1872.7	2099.9	2215.8	2048.9	1809.6	1743.6	1296.7	1025.8	1124.7	856.3	1026	772.5	581.2	497.9	580.7	420.1	347	150.8	271.3	248.3	114.7	162.6	114	92	61.3	82.5	30.4	44.5	69.6	82.4	18.6	33.5	33.7	18.8	30.5	9.4	20.4	9.4	0	0	0	0	0	0	0	0	0	0	10.1	11
0	0	0	0	0	0	0	0	0	0	0	0	0	0.6	0.7	4.3	8.7	11.2	26.9	30.2	88.6	154.6	374.1	723.9	1845.1	1929.4	2227.5	1955.9	2164.9	2177.3	2466.6	2135.1	1380.4	1561.1	1523.3	1645	1592.5	1258.9	1086.9	852.9	987.9	959.1	522.7	565.4	448.5	311.5	389.7	177.7	164.5	126.4	186.4	139.7	104.1	111.1	48.3	65.3	88.6	46.7	58.5	8.6	25.5	24.6	0	8.6	0	10.8	0	0	10.8	4.9	25.2	12.4	0	0	0	0
0	0	0	0	0	0	0	0	0	0	0	0	0	0	0.1	0.1	1.2	0.9	2.6	6.6	10.6	18	54.1	280.1	747.4	833.6	887.1	962.3	762.4	863	664.8	648.2	503.8	578.5	595.8	646.7	535.4	567.3	526.1	533.2	450.6	433.3	405.2	344.1	310.1	230.9	230.3	127.5	111.8	90	77.8	61.3	43.3	37.4	32.9	30.9	62.6	24.3	28	10.9	13.4	0	0	15.4	4.4	4.7	0	8.4	0	0	0	0	0	0	0	0
0	0	0	0	0	0	0	0	0	0	0	0	0	0	0	0.2	0	0.1	0.6	0.8	3.6	7.6	23.3	184.1	504.6	605	593.3	720.4	782.6	764.8	871.8	572.6	581.3	623.4	571.2	660.3	577.7	637.3	729.7	560.4	809.6	660.6	588.7	590.9	485.7	507.2	303.2	235.2	187.7	147.7	145	108.7	91.5	73.3	82.7	80.8	99.3	29.9	57.6	42.3	57.9	26.5	15.4	10.5	6.9	6.9	11	7	0	3.5	1.8	3.5	0	0	0	0
0	0	0	0	0	0	0	0	0	0	0	0	0	0.2	0.1	0.5	0.9	1.7	2.5	3.8	14.3	29.9	74.3	531.8	1156.7	1119.1	1293.2	1181.7	1116.7	1024.6	890.6	858.1	907.4	893	997.5	770.2	829.7	758.1	748	705.8	845.9	678.7	754.4	571.8	658.4	454.8	569.9	357.8	322.9	206.9	192.9	165.3	104.2	102.3	68.6	56.5	65	55.3	55.5	48.2	31.2	43	17.7	25.3	13.5	21.8	24.4	4.5	0	0	4.9	14.6	4.5	4.5	0	0
0	0	0	0	0	0	0	0	0	0	0	0	0	0	0.1	0.4	0.9	1.5	1.8	19.6	33.9	35.4	76.4	438.8	1150.3	1189.9	1376.1	1364.3	1290.3	1247.8	1060.1	899.2	774.4	664.3	600	579.6	612.4	529.5	604.4	641.9	528.1	623.9	709.8	691.8	578.3	581.3	450	414.5	318.9	229.9	219.6	128.4	101.1	77.5	43.2	40	47.5	40.7	49.6	31.8	37.3	14.1	10.5	11.6	11.3	12.7	9.4	17.8	0	0	3.3	0	3.3	0	0	0
0	0	0	0	0	0	0	0	0	0	0	0	0	0	0	0.1	0	0.5	2.2	3.2	12.2	41.6	106.9	571.9	1380.4	1657.2	1825.2	1769.1	1887.4	1722.8	1760.7	1208.7	1349.4	1311	1132.4	1056.8	1051.7	1058.8	966	945.9	782.5	828.7	1203.7	858.3	824.1	957.7	607	709	478.2	403.3	350.1	233	191.2	99.1	118.2	88.3	58.9	24.9	58.3	69.3	72	54.4	36	4.3	0	12.5	4.4	4.3	4.4	8.1	0	0	0	8.1	0	0
0	0	0	0	0	0	0	0	0	0	0	0	0	0	0	0	0	0.1	0.4	0.4	1.2	16.2	14.4	333.7	1436.2	1357.3	1790.9	1912.9	1432.8	1551.2	1254.7	1379.3	1113.4	1029.9	1005.1	977.9	941.4	820.8	723.5	696.3	758.6	422.1	580.7	672	676	485.9	390.4	449.1	426.4	270.1	299.1	169.3	263.1	163.4	163.3	96.9	124.3	45.2	58.6	48.3	50.5	32.8	28.4	23.3	23.2	28.8	25.2	0	8.5	3.3	0	3.3	0	0	8.4	0
0	0	0	0	0	0	0	0.2	0	0	0	0	0	0.1	0.1	0	0	0.3	2.8	4.7	10.2	16.3	38.3	274	794.1	763.4	906.2	910.7	1056.2	1030.1	1082.9	918.5	805.4	770.3	803.4	856.7	925.3	896.1	723.5	635.4	692.3	673	609.5	350.5	468.9	474.3	547.7	252.2	263	278.1	296.1	259.2	255.9	162.1	122.9	30.2	67.3	68.6	31.7	21.5	8.5	35.1	18.3	27.3	8.5	8.5	16.9	25.4	12.8	8.5	0	0	0	8.5	0	8.5
0	0	0	0	0	0	0	0	0	0	0	0	0	0	0.5	0.5	0	1	6.6	10.5	16.2	30.1	87.3	733.2	1440.6	1398.1	1178.7	1011.8	955.4	925.6	716.8	604.7	680.5	780.4	814.8	754.2	688.1	727.2	530.5	428.5	541.4	504.3	557.8	577.1	442.8	363.6	408.7	404.3	289.2	172.5	202.1	155.2	199	102.5	131.6	55.1	99.3	42.1	26.5	23.9	18.7	34.7	14.3	14.5	12.8	23.4	8.5	0	12.2	7.2	0	0	5.1	0	0	0
0	0	0	0	0	0	0	0	0	0	0	0.2	0	0.3	0.4	0.8	1.1	2.4	3	9.7	17.2	28	70.8	199.3	564.5	553	558.3	582.1	562.2	550.7	590.6	612.7	618	631.8	661.1	676.1	702.9	752.3	846.7	946.8	823.7	720.1	964.4	715.1	929.8	867.9	1022.3	972.8	942.2	988.2	830.2	820.9	944.4	739.9	537.8	480.8	410.3	311.9	276.5	235.3	202.8	161.3	112.9	86.2	51.7	40.8	67.8	8.3	28	17.4	10.2	9.9	3.7	0	0	0
0	0	0	0	0	0	0	0	0	0	5.8	0	0	0	0.8	1.3	15.1	9	19.7	28.4	46	93.7	190.4	535.7	1191.7	1235.7	1093.1	1185.4	1018.1	1165.8	897.2	809.9	752.4	734.9	778.4	635.6	751	709.7	777.5	752.8	838.3	858.4	917.6	703.7	821.9	625.9	729.7	557.3	552.6	426.1	536.7	504.3	409.4	298.2	251	252.2	217.2	128.6	170.3	144.1	69.6	66.8	58	9	34.2	54	37.2	5.7	11.5	4.4	4.6	0	4.4	0	0	0
0	0	0	0	0	0	0	0	0	0	0	0	0	0.1	0.5	1.4	3.5	5.6	50.7	46.2	74.9	147.2	255.8	1633.3	4375.1	4405	3989.5	3948	3279	3049.2	2629.6	1780.1	1748	1403.8	1237.3	1133.1	1048.9	780	766.6	1103.4	811.4	828.2	929	782.3	887.7	925.4	816	831.6	996.7	714.4	726.3	870.7	562.1	547.3	499.7	350.6	492.1	289.2	185.4	166.4	162	108.5	62.4	52.7	59.8	20	10.3	0	20.9	9.4	0	0	0	0	0	0
# LLcatlenM
#10	13	16	19	22	25	28	31	34	37	40	43	46	49	52	55	58	61	64	67	70	73	76	79	82	85	88	91	94	97	100	103	106	109	112	115	118	121	124	127	130	133	136	139	142	145	148	151	154	157	160	163	166	169	172	175	178	181	184	187	190	193	196	199	202	205	208	211	214	217	220	223	226	229	232	235
0	0	0	0	0	0	0	0	0	0	0	0	0	0	0	0	0	645.3	0	0	450.4	286.5	194.8	1556.7	668.4	1171.8	2390.1	2858.8	2582	6210.5	4980.8	3228.2	3240.3	3531	2230.6	1661.4	1044.6	620.2	727.2	924	309.6	96.5	309.6	119.3	419.4	224.8	299.6	415	124.5	96.5	5.9	282.9	0	0	0	0	0	0	0	0	0	0	0	0	0	0	0	0	0	0	0	0	0	0	0	0
0	0	0	0	0	0	0	0	0	0	0	0	0	0	0	0	0	0	0	0	0	0	0	76.8	78.3	858.4	1086.9	772.4	1956.5	1637	1593.3	1918.8	1773.7	2325	2738.9	1975.7	2385.7	1242.4	1289.2	1260.3	1537.2	1135.6	1332.2	1108	607.4	637.3	533.6	207.3	357.8	0	0	0	0	0	0	0	0	0	0	0	0	0	0	0	0	0	0	0	0	0	0	0	0	0	0	0
0	0	0	0	0	0	0	0	0	0	0	0	0	0	0	0	0	0	0	27.2	344.7	614.2	1206.9	1621.5	3012.5	3694.8	3158.1	3924.8	4316.2	4749.5	3811.4	2833	3207.5	2751.7	2028.4	2142.8	1254	1320.2	586.1	601.1	387	215.5	363.5	263.9	236	90.3	103.3	273.9	87.8	0	0	0	0	0	0.8	0	0	0	0	0	0	0	0	0	0	0	0	0	0	0	0	0	0	0	0	0
0	0	0	0	0	0	0	0	0	0	0	0	0	0	0	0	0	26.5	62	74	420	485.7	858	1390.2	2196.5	2613.1	2212.3	2277.3	2502.3	2496.5	2590.7	1730.8	1342.2	1728	1507.4	854.1	760.2	271.8	302.8	240.6	363.9	75.7	136.8	71.9	103.7	161.4	14	193.4	196.9	43.9	142.3	44	40.2	1.7	1	0	2.5	0	0	0	0	0	0	0	0	0	0	0	0	0	0	0	0	0	0	0
27.6	0	0	0	0	0	0	0	0	0	0	32.7	0	0	25.7	22.5	176.5	173.6	168.4	104.7	224.4	1243	4058.3	1976.4	2877.9	2264.9	3243.5	2325.6	2602.1	1805.7	1522.2	1623.8	919.8	1409.8	679.5	879.5	800.1	473.2	587.7	710.1	262.5	269.4	282.7	287.3	487.3	316.4	330.1	138.5	155.5	68	76.1	58.7	36.3	37.4	0.9	2.7	1.7	0	0	0.6	0	0	0	0	0	0	0	0	0.4	0	0	0	0	0	0	0
0	0	0	0	0	0	0	0	0	0	0	0	0	0	0	0	92	69.2	102.1	159	134	321.3	590.5	1247.5	3105.4	3786.8	4128.3	3730.5	3720.5	2103.4	1607.8	1337.3	921.2	706.1	431.5	342.6	210.7	78.8	113.5	58.4	67.7	15.4	71.2	6	75.1	39	58.9	7.2	3.1	8.2	0	2.1	0	0	1.3	0	1	0	0.8	0.7	1.1	0	0	0	0	0	0	0	0	0	0	0	0	0	0	0
0	0	0	0	0	0	0	0	0	0	0	0	0	0	0	32.2	0	28.2	0	27.3	29.4	149.2	283.6	478.6	1492	1460.1	1541.5	1446.6	1293.8	954.6	848	417.1	471.8	283.1	262.7	245.7	77.4	104.8	113.3	35.3	34.7	107.5	50.9	4.9	11.1	3.8	3.3	6	0	2.4	0	2.5	1.5	1.2	1.1	1.4	0.4	0.3	0	0.3	0.2	0	0	0	0	0	0	0.2	0	0	0	0	0	0	0	0
0	0	0	0	0	0	0	0	0	0	0	0	20.6	20.5	20.3	20.1	39.6	54.7	54.5	73.4	393.5	383.3	980.9	1745.5	3328.5	2902.8	3274.2	2274.5	1669.2	1766.5	1703.4	1142.7	908.4	728.9	363.1	320.3	390.9	149.2	113.6	108.2	36.5	108	47	63.9	27.4	3.8	2.5	22.6	0	1.1	1.9	1.2	2.2	21.2	0.5	0	0.7	0.7	0	0	0.5	0	0	0.1	0	0	0.1	0	0.1	0	0	0	0	0	0	0
47.3	15.7	0	0	0	0	0	0	0	0	0	0	0	10.2	18.1	46	81	267.2	178.6	514.8	668.7	1105.1	3080.4	5103.1	9226.3	7081.4	5116.8	3531.6	2966.8	1935.6	1823.8	1083.7	485.9	757	550.6	257.2	361.9	357.1	230.6	162.7	49.4	23.9	76.2	22.8	3.4	20.6	6.8	2.2	3.9	0.2	32.3	0.7	0.5	0.4	0	0.4	0	0.3	0	0	0	0.1	0	0	0	0	0	0	0	0	0	0	0	0	0	0
0	0	0	0	0	0	0	0	0	0	0	0	0	0	0	0	0	5.2	44.2	25	93.4	296.1	473.3	1518.8	3973.5	4602.9	4266.2	3357.5	3479.6	2612.2	1726	1243.6	819.1	618.3	495.3	360.4	344.2	285.8	215.2	131	145.8	58	71.9	11.5	36.1	50.7	30.1	56.3	18	38.5	35.7	13.8	12	22.9	23.8	2.2	0.5	0.8	0.5	22.4	0.5	0.1	0.1	0.1	0	0	0	0	0	0	0	0	0	0	0	0
0	0	0	0	0	0	0	0	0	0	71.4	0	0	9.2	9.1	51.1	89.5	107.1	204.6	197.6	500.5	644.9	1570.4	3006.1	6879.3	7242.7	6136.6	4179	3784	3237.6	2203.6	1416	737.7	975.5	680.5	662.5	406.4	270.8	334.3	192.3	116.6	152.8	75.6	103.3	56.2	22.2	27.8	0.5	10.1	1.1	1.4	36.6	9	22.2	0	0.3	0.3	0.3	0	0	0.1	0.1	0	0	0	0	0	0	0	0	0	0	0	0	0	0
0	0	0	0	0	0	0	0	0	0	0	0	4.8	0	1.6	1.6	12.4	8.4	19.6	43	60	87.7	238.4	1422.5	2721.6	3121.6	2769.9	2416.6	2066.4	1641.3	1005.3	739.9	631.2	427.4	389.1	250	187.1	192.5	83	81.8	96	46.8	31.3	32.1	28.5	32.8	30.1	15.1	4.4	0.5	7.1	0.1	3.7	0	0.1	0.1	3.4	0	0.1	0	0	0	0	0	0	0	0	0	0	0	0	0	0	0	0	0
0	0	0	0	0	0	0	0	0	0	0	0	0	0.7	0	1.9	0	0.5	4.9	5.5	32.3	31.4	119.7	659	1862.4	1912.8	2042.8	1903.2	1519.7	1436.1	1235.7	827.5	703	546.1	367.1	339.6	334.3	198.2	199.5	140.1	107.8	120.4	112.2	85.1	52.1	80	17.6	15.7	16.7	15.7	6.1	8.8	3.5	2.6	0.6	0.5	2.5	0	3	0.3	0	0	0	7.1	0	0	0	0	0	0	0	0	0	0	0	0
0	0	0	0	0	0	0	0	0	0	0	0	0	3.1	1.2	5.4	9	14.8	18.8	24.7	88.3	149.5	334.3	1407.6	3042	3230.3	3174.3	2665.8	2414.7	2064.3	1736.5	1188.5	1020.3	955.8	691.9	537.1	484.5	397	242.6	283.7	232.3	181	107.4	76.7	68.8	40.5	63.7	19.7	18.7	8.6	19.7	3.8	4.1	0	0	0	0	0	0	0	4.1	0	0	0	4.1	0	0	0	0	0	0	0	0	0	0	0
0	0	0	0	0	0	0	0	0	0	0	0	0	0	0.8	4.3	8.9	12.8	13.9	30.7	80.8	154	335.9	1633.2	3260.2	3463.5	3324.2	2766.4	2575.3	2203.7	1546.6	1180.7	1159.2	914.4	825	532.6	435.9	386.5	390	222	217.9	124.9	128.7	148.8	77	76.8	67	53.7	31.7	22.9	20.6	12.3	8.3	5.2	0	4.8	8.7	4.8	4.9	0.1	9	9.3	0	0	4.7	0	0	0	0	0	0	0	0	0	0	0
0	0	0	0	0	0	0	0	0	0	0	0	0	0	0	1.3	0	4.7	16.6	20.7	68.9	157.2	458.4	1851	4283	4099.2	4310.1	3779.5	3046.1	2993.5	2291.8	1709	1561.2	1224.9	1084.3	896.5	636.4	620.1	486.6	317.7	215.2	141.3	169.9	142	106.1	84.1	66.2	32.8	36.6	39	2.7	5.6	0	7.5	0.1	5.8	0	0	12.6	0	0	0	0	0	0	5.5	0	5.5	0	0	0	0	0	0	0	0
0	0	0	0	0	0	0	0	0	0	0	0	0	0	0	0	0.5	1	3	2.4	6.8	15.2	41.4	1157.8	3115.1	3403.8	3372.4	3200.8	2746.8	2435.2	1715	1421.8	1391.7	1139.3	966	846.4	518.5	439.9	469.3	226.1	344	137.8	177.9	232.3	130.9	183.9	173.3	37.3	57.4	19.7	57.8	4.1	0	11.8	0	0	0	0	3.8	0	0	8.1	0	0	0	0	0	0	0	0	0	0	0	0	0	0
0	0	0	0	0	0	0	8.4	0	0	0	0	0	2.1	2.1	0	0	3	21	30.7	57.6	30.3	150.5	848.7	2632.8	3044.6	3371.7	2643.1	2459.6	1887.2	1609.5	1154.7	859.6	559.2	653.7	565.2	306	299.7	233.8	224.8	132.7	140.8	59.1	80.8	47.2	25.6	18.9	15.8	13.1	10.2	2.2	7.5	6.2	0.5	0.4	7.8	0.1	0	0	0	0	0	0	0	0	0	0	0	0	0	0	0	0	0	0	0
0	0	0	0	0	0	0	0	0	0	0	0	0	0	6.7	5.9	0	9.1	50.3	68.8	91.4	146.4	345.8	1215	1943.9	2240.1	2540.2	2205.6	1915.4	1689.3	1410.1	1091.5	1118.3	922	594.4	568.4	421	268	285	255.1	172.4	156.8	109.8	59.4	34	50.8	27.5	22.5	35.2	53.5	1.3	11.8	0.2	0.2	8.5	8	9.3	8.1	15.9	0.1	8	0	0.1	0	0	8	0	0	0	0	0	0	0	0	0	0
0	0	0	0	0	0	0	0	0	0	0	3.2	0	4.5	5.5	10	11	14.2	24.4	63.6	72.9	136.2	258.7	615.1	1122.6	1229.4	1339.8	1326.1	1162.8	1199.9	900.9	915.5	754.4	748.2	645.2	464.9	436.2	324.3	322.8	286.5	201.1	198.4	150.1	103.2	49.7	52.5	41.5	33.3	39.9	25.3	9.1	10.6	3	9	1.9	0.1	0	0.1	3.1	0.1	0	0	0	0	0	0	0	0	0	0	0	0	0	0	0	0
0	0	0	0	0	0	0	0	0	0	0	0	0	0	11.3	16	18.6	39.9	82.5	156.8	264.4	478	803.4	1260.8	2246.9	2201.5	2128.3	1939.6	1975	1655.6	1443.6	1209.8	971.6	940	811.1	666.7	570.6	486.7	377.6	330.5	216.8	176.6	139.7	117.2	73.9	31.1	30.3	30.6	16.5	10.9	11.9	6.5	0.6	4.9	0.5	7.3	0.1	0	0	4.2	0	0	0	0	0	0	0	0	0	0	0	0	0	0	0	0
0	0	0	0	0	0	0	0	0	0	0	0	0.9	1.8	6.6	16.2	36.2	83.3	89	204.6	411.3	667.2	854.6	2908.9	7450.4	6405.2	5717.9	4770.8	3945.4	3128.1	2772	1610.3	1390.1	1289.3	1075.8	924.3	815.1	680.9	560.3	363.8	274.5	319.5	151.1	114.9	66.7	82.7	15.3	5.9	45.1	14.6	0	24.4	1.6	0.5	1.2	0	0.6	0	0.2	0.2	0	0.1	0	0.1	0	0	0	0	0	0	0	0	0	0	0	0
# OTsyr (start year for catlen)
1984
#OTcatlen
#10	13	16	19	22	25	28	31	34	37	40	43	46	49	52	55	58	61	64	67	70	73	76	79	82	85	88	91	94	97	100	103	106	109	112	115	118	121	124	127	130	133	136	139	142	145	148	151	154	157	160	163	166	169	172	175	178	181	184	187	190	193	196	199	202	205	208	211	214	217	220	223	226	229	232	235
0	0	0	0	0	0	0	0	0	0	0	0	0	0	0	0	0	0	0	0	197	197	2087.1	2906.6	5734.8	6313.6	6423.5	3454.1	3278	1968.5	2765.4	3736.6	1937.2	1138.6	1164.7	397.5	594.6	568.4	197	795.1	197	394.1	197	200.5	592.8	197	200.5	197	0	0	0	0	0	200.5	197	0	197	197	591.1	0	197	0	0	197	197	200.5	197	0	0	200.5	0	0	0	0	0	0
0	0	0	0	0	0	107.7	0	0	0	0	0	0	0	663.4	670.1	690.1	854.1	334.6	958	1553.7	3199.9	6572.3	6823	6028	9655.9	7850.6	5627.7	7674.2	7083.2	2419.2	3274.2	3494.4	2560.3	2224.8	1341.2	1037.1	963.7	709.2	724.4	1191.5	417.5	997	850.3	369.8	406.1	95.3	701.6	316.5	190.6	0	0	462.3	191.6	284.1	381.3	525.2	190.6	978	571.9	381.3	190.6	466.1	367	367	0	0	0	0	95.3	0	0	0	95.3	0	0
0	0	0	0	0	0	0	0	0	1539.6	0	0	0	0	0	0	0	0	0	0	0	0	0	0	0	3067.6	19088.9	11425.5	17329.3	10962.5	24159.2	0	4827.2	1528	4827.2	0	0	0	0	0	0	0	0	0	0	0	0	0	0	0	0	0	0	0	0	0	0	0	0	0	0	0	0	0	0	0	0	0	0	0	0	0	0	0	0	0
0	0	0	0	0	0	0	0	0	0	1347.3	989.6	1141.1	1292.5	3060.3	261.1	1402.2	297.7	634.5	1407.4	1994.9	2741.7	4271.8	7295.5	5475.6	3042	7580.1	5582.6	4590.4	3950.7	4890.7	2300.4	2833.1	3595.5	598	1133.2	261.1	561.4	1274.2	859.1	564	1023.6	658	1269	582.3	937.4	0	0	522.2	514.4	0	0	0	0	261.1	0	336.8	0	409.9	0	0	0	336.8	0	0	0	0	0	0	0	0	0	0	0	0	0
0	0	0	0	0	0	0	0	2062.2	367.3	992	1300	641.2	892	1793.8	2361.3	1904.9	2492.2	2515.3	1202.1	1432	2253.5	697.3	1017.3	2575.8	2299.7	2904.6	2191.9	2091.9	0	1479.3	837	614.8	110	376.1	580.7	1051.4	393.7	269.5	1061.3	609.3	524.6	127.6	143	0	0	281.6	756.7	0	0	0	393.7	0	0	112.2	0	0	222.2	134.2	0	0	0	0	0	0	0	0	0	0	134.2	0	0	0	0	0	0
0	0	0	0	0	0	649.9	671.8	723.8	816.4	499.7	473	997.7	586.5	492.1	611.7	528.8	821.2	1053.7	364.6	618.1	488.7	267.3	698.2	1897.8	1657.3	1078.7	933.1	1072.3	855.8	689.7	500	388.5	420.3	405.6	219.1	487.4	245.3	61.3	286.3	253.7	233.2	59.7	104.8	65	0	245.8	0	0	52.4	73.9	90.7	0	52.4	52.4	52.4	52.4	52.4	63.9	0	0	0	0	52.4	0	0	0	0	0	0	0	0	0	63.9	0	0
0	0	0	0	0	0	903.1	1907.6	631.3	4042.5	2069.6	6718	5516.2	5644.4	4638.4	4443.3	6571.3	4624.6	5543	4483.3	7175.7	5394.8	5935.5	4732.9	7175.7	3557.1	3478.8	3032.6	3410.4	2833	2719.3	873.2	1237.9	573.7	374.8	972.2	817.1	916.2	383.2	172	919.2	110.6	0	313.3	76.8	168.9	195.8	76.8	0	76.8	95.2	205.8	0	76.8	0	0	0	0	0	0	0	0	76.8	230.4	0	0	0	0	0	0	0	0	0	0	0	0
0	0	0	0	0	0	0	1402.2	782.1	1660.7	4227.9	5803.9	3653.1	3580.9	3132.6	4441.3	3396.7	4637.4	3009.8	3987.7	3067.1	3196.5	1950.5	3955.7	7641.8	6378.4	6072.9	4748.1	5751.4	3208.6	1468.9	1484.9	1766.4	1787.7	329.5	732.4	1430.2	1033.9	1430.2	334.9	985.9	627	513.6	266.8	266.8	0	812.5	133.4	133.4	454.9	1372.8	266.8	0	493.6	170.8	0	266.8	0	133.4	133.4	0	133.4	0	0	0	133.4	0	0	142.8	0	302.8	188.1	0	253.5	0	0
0	0	0	0	0	0	222.9	0	7.9	401.9	1316.8	2321.5	990.4	1573	2238.4	2858.1	2626.4	3131.4	1466.2	2310.8	2424.5	2279.4	2244.4	2203	2996.7	1994.4	1803.5	2034.4	676.7	959	769.4	712.9	534.4	566.2	548.1	174.4	266.7	117.5	216.8	143.7	0	118	50.4	50.4	116.5	84.2	0	0	0	100.8	50.4	0	53.4	55.5	50.4	0	0	0	50.4	0	0	52.9	0	0	0	0	0	0	0	0	50.4	0	0	0	71.6	0
0	0	0	0	0	0	0	0	0	0	116.5	0	283.7	226.8	236.1	468.3	1236.3	1720.8	1462.6	1527.2	1467.9	1914.8	1517.6	1120	1336.4	825.3	890.1	352.3	697	232.4	544.9	303.2	117.1	164.5	52.7	105.5	297.4	285.1	0	52.7	66.4	0	62.8	52.7	91.8	0	70.1	0	0	0	0	0	0	0	0	0	52.7	105.5	0	0	0	53.8	0	0	0	0	64.9	0	0	0	0	0	0	0	0	0
0	0	0	0	0	0	0	0	0	0	0	92.3	0	0	521.3	401.3	369	1203.1	299.8	461.3	614.4	1153.2	2958	954.5	1210.3	1475.7	1222.6	393	444.3	468.9	284.3	809.5	942.2	92.3	195.6	0	92.3	184.5	0	151	276.8	0	92.3	0	0	0	186.4	0	0	0	0	0	0	0	0	92.3	0	0	0	0	0	0	0	0	0	0	0	0	0	0	0	0	0	0	0	0
0	0	0	0	0	0	0	0	0	0	0	0	0	107.8	268.4	107.8	263	0	790.2	694.2	343.9	574.6	1165.3	1107.9	2282.4	1799.2	1537.8	1069	748.8	619.6	129.3	644.4	133.7	0	249	166	381.5	241.5	0	259.6	0	0	0	0	0	0	0	0	0	0	0	0	0	0	0	0	0	0	0	0	0	0	0	0	0	0	0	0	0	0	0	0	0	0	0	0
0	0	0	0	0	0	0	0	0	0	0	0	0	0	560.2	0	811.4	251.2	0	889.3	889.3	889.3	0	0	1746	1811.3	4321	1017.4	1499.8	733.6	396.9	351.7	412	499.9	258.8	0	0	0	0	0	0	0	0	0	0	258.8	0	0	0	0	0	0	0	0	0	0	0	0	0	0	0	0	0	0	0	0	0	0	0	0	0	0	0	0	0	0
0	0	0	0	0	0	0	0	0	0	0	0	0	0	121	0	0	0	0	0	0	0	0	351.7	670.1	670.1	952.8	1009.3	1021.9	900.8	783.2	1456.3	0	688.3	935.8	822.8	688.3	670.1	336.6	0	0	0	0	0	0	0	0	0	0	0	0	0	0	0	0	0	0	0	0	0	0	0	0	0	0	0	0	0	0	0	0	0	0	0	0	0
0	0	0	0	0	0	0	0	0	0	0	0	0	93.1	0	0	93.1	186.2	186.2	93.1	279.4	0	279.4	463.8	1303.9	650.1	1488.4	1019.9	0	556.1	370.7	370.7	185.4	185.4	185.4	0	463.8	185.4	0	93.1	0	185.4	0	93.1	0	0	0	0	0	0	0	0	0	0	0	0	0	0	0	0	0	0	0	0	0	0	0	0	0	0	0	0	0	0	0	0
0	0	0	0	0	0	0	0	0	0	0	0	0	55.9	55.9	0	62.6	115.7	190	111.7	169.8	55.9	230.7	905.2	2509.1	2037	2554	1009	1887.1	1295.6	748.2	470.8	365.8	366.2	175.4	347.8	0	0	117.7	122.4	252	0	0	0	0	0	0	118.9	0	0	0	0	0	0	0	0	0	0	0	0	0	0	0	0	0	0	0	0	0	0	0	0	0	0	0	0
0	0	0	0	0	0	0	934.3	354.7	0	270.8	2033.7	8895.8	15219	19500.4	8665.6	4405.9	2166.4	950.5	1175.3	541.6	595.8	289.8	1028.3	2788.3	324	563.3	1026.6	162.7	780.1	0	0	788	0	0	162.7	476.6	343.9	0	0	0	0	343.9	0	270.8	0	0	0	0	0	0	157	0	0	0	0	0	0	0	0	0	0	0	0	0	0	0	0	0	0	0	0	0	0	0	0
0	0	0	0	0	0	0	0	52.1	180.7	0	0	52.1	0	57.3	52.1	0	53.1	0	0	0	52.1	916	2897.8	4633.5	3540.8	1356	1811.6	825.7	1053.6	515.8	312	379.7	438.9	0	0	181	182.1	181	0	234.1	0	0	105.2	53.1	0	0	0	0	0	0	0	0	0	0	0	0	0	0	0	0	0	0	0	0	0	0	0	0	0	0	0	0	0	0	0
0	0	0	0	0	0	0	0	0	0	132.1	0	0	0	132.1	0	132.1	264.2	0	0	322.3	265.5	731.8	1341	2915.5	4181.9	2421.5	1831.7	2186.4	1023.3	1457.6	507.9	533.3	926.9	540.9	264.2	132.1	0	0	146.6	0	558.6	0	0	132.1	0	132.1	132.1	0	0	0	0	0	0	0	0	0	0	0	0	0	0	0	0	0	0	0	0	0	0	0	0	0	0	0	0
0	0	0	0	0	0	0	0	88.2	0	0	88.2	0	107.5	0	0	74.1	0	109.7	202.4	266.1	162.3	381	1185	2314.2	1158.3	1704.4	1124.1	681.8	1414.7	1546.6	1548	807	2234.2	732.9	1022.7	681.8	1073.8	1134.4	340.9	709	0	340.9	340.9	0	442.3	340.9	0	0	0	0	709	0	0	0	0	0	0	0	0	0	0	0	0	0	0	0	0	0	0	0	0	0	0	0	0
0	0	0	0	0	0	338.5	1424.3	1573.8	2106.7	5585.1	4391.5	3498.2	2543.5	2322	2428.4	1277.8	1158.8	1027.3	1405	2019.2	2014.9	3524.4	3904.4	3516.9	2988.1	1705.9	1393.8	1080.7	833.9	580	320.8	626	305.3	119.9	226.9	109.3	120.4	186.5	48.4	0	50.8	123.1	117	0	0	50.3	62.2	0	0	62.2	55.5	0	0	0	0	0	64.4	55.5	0	0	0	0	0	0	0	62.2	0	0	0	0	0	0	0	0	0
0	0	0	0	0	0	0	0	57.1	82.6	0	0	49	91.9	72.3	46.9	135.1	67.5	141.2	34.8	45.9	116.5	33.8	165.1	1307.1	1416.5	720.1	1072.8	863.7	516	962.9	935.6	494.4	830	290.5	205.5	171.7	170.1	0	69.6	0	85	85	0	55.1	0	85	0	86.7	0	0	0	86.7	0	0	0	0	0	0	0	0	0	0	0	0	0	0	0	0	0	0	0	0	0	0	0
0	0	0	0	0	0	0	0	155.9	0	0	0	467.8	471.4	155.9	728.9	118.1	129.9	155.9	0	118.1	0	564.7	163	528.8	209.1	1232	1300.1	282.3	319.9	163	0	539.8	153.6	180.5	0	146.5	0	0	0	361	0	180.5	0	0	118.1	0	0	298.7	0	180.5	0	0	0	0	0	0	0	0	0	0	0	0	0	0	0	0	0	0	0	0	0	0	0	0	0
0	0	0	0	0	0	47.9	32.9	131.4	329.4	551.5	644.4	861	890.5	1049	687.2	864	745.2	598.8	694.7	487.2	403.5	471	879	1885.5	1556.4	1489.8	1449.4	1454.7	1011.6	559.3	725.8	765.9	250.1	135.4	352.8	93.7	97.1	69.1	111.5	217.4	41.6	52.1	175.8	54.9	14.4	0	41.6	0	52.1	52.1	0	0	0	14.1	0	41.6	0	0	0	0	0	0	0	0	0	0	0	0	0	0	0	0	0	0	0
0	0	0	0	0	0	0	0	492	0	937.6	0	768.3	292.4	0	0	292.4	0	201.6	219.8	0	207.7	0	0	201.6	808.7	2333.7	510.3	1020.6	207.7	1248.5	0	0	0	0	0	0	201.6	1020.6	510.3	0	0	510.3	0	0	0	0	0	0	0	0	0	0	0	0	0	0	0	0	0	0	0	0	0	0	0	0	0	0	0	0	0	0	0	0	0
0	0	0	0	0	0	58.4	0	146.7	41.6	0	0	41.6	81.6	41.6	58.4	0	0	0	40	0	40	230	841.6	1223.2	691.6	1225.6	1031.6	421.6	611.6	760	190	282	570	570	380	0	570	190	570	0	0	0	231.2	0	0	190	0	190	190	0	0	0	0	0	0	0	0	0	0	0	0	0	0	0	0	0	0	0	0	0	0	0	0	0	0

## LIFE HISTORY parameters ##
#wa
0.009112	0.007187
#wb
3.062269	3.107198
#linf
203.8070 133.1385 
#vbk
0.1029 0.1835 
#t0
0.5057 0.8870
# laaF	
12.36129 27.42857 43.35294 48.42424 73.48750 92.84742 102.79720 113.3677 118.3176 126.1282 130.4248 137.4083 148.3438 154.2388 156.7708 161.7632 163.0500 164.5789 179.2857 180.5455 
# laaM
15.03030 28.66667 40.00000 49.66667 67.27273 85.67397  92.22941 101.9684 105.1635 104.8438 111.5672 112.0571 115.2031 119.1200 114.9535 121.5789 118.4375 134.6667 126.0909 139.7000 
# laaF_sigma
5.975351   5.975351  8.695777 11.416202 14.136628 16.857053 16.857053 16.857053 16.857053 16.857053 16.857053 16.857053 16.857053 16.857053 16.857053 16.857053 16.857053 16.857053 16.857053 
# laaM_sigma
1.980099   1.980099  7.142761 12.305424 17.468086 17.468086 17.468086 17.468086 17.468086 17.468086 17.468086 17.468086 17.468086 17.468086 17.468086 17.468086 17.468086 17.468086 17.468086 
# maturity paramaters for logistic maturity ogive  
# mata
119 77 
# matb
0.042	0.08

## INITIALIZATION parameters ##
#iro
12000
#icr
10
#irbar
12000
#ifbar
0.5
#iahat
2.0
#ighat
0.75
#eof
999
